,厚度,孔隙率,压缩回弹性率,过滤阻力,过滤效率,透气性,插层率
厚度,1.0,0.9847742566594486,0.4940088859018062,-0.33549440677248454,0.16047544764894622,0.28079527575131935,0.7818354219686242
孔隙率,0.9847742566594486,1.0,0.48947002249896643,-0.3215829444577718,0.17527555777952,0.27230813845214547,0.8059503502685237
压缩回弹性率,0.4940088859018062,0.48947002249896643,1.0,-0.17858772124526306,0.051286976565501345,0.14396504121895637,0.37466878986095475
过滤阻力,-0.33549440677248454,-0.3215829444577718,-0.17858772124526306,1.0,0.8198516173219619,-0.9854021608643457,-0.13607660147541137
过滤效率,0.16047544764894622,0.17527555777952,0.051286976565501345,0.8198516173219619,1.0,-0.8462147953170277,0.32980503834177755
透气性,0.28079527575131935,0.27230813845214547,0.14396504121895637,-0.9854021608643457,-0.8462147953170277,1.0,0.12262806523001048
插层率,0.7818354219686242,0.8059503502685237,0.37466878986095475,-0.13607660147541137,0.32980503834177755,0.12262806523001048,1.0
